barcelona : 3 [ 13.000000, 25.000000, 7.000000]
madrid : 3 [ 10.000000, 26.000000, 9.000000]
murcia : 3 [ 25.000000, 10.000000, 35.000000]
